baseMean	log2FoldChange	lfcSE	stat	pvalue	padj
AT1G04187	157.867038942915	1.13456678855153	0.259398456751541	4.37383785069412	1.22081071609889e-05	0.00455256239651311
AT1G03982	269.943239481387	-1.14312073466759	0.312582029214782	-3.65702640532202	0.00025515810449485	0.0311159866670947
AT1G04370	149.740842455732	-1.41571252322232	0.379099242006966	-3.73441137926703	0.000188154729039731	0.0266011501808864
AT1G07180	1187.67280273614	-1.27034449912762	0.336315715117086	-3.77723799997081	0.000158577180802988	0.0238616926271443
AT1G09110	29.6584357688944	-1.80156930752486	0.472675259573533	-3.81143136019074	0.000138164422811838	0.0225882507878794
AT1G16400	618.147309241319	1.3472190695265	0.268118665259829	5.02471198049912	5.04188625018909e-07	0.000411569886033418
AT1G05557	273.747876028199	-1.01917264224296	0.25105143522136	-4.05961687231272	4.9153300734958e-05	0.0113942664973982
AT1G20470	248.872665439364	-1.18223800675658	0.235184785878951	-5.02684730365627	4.98609057289478e-07	0.000411569886033418
AT1G23160	876.894642493647	-1.43302258961912	0.316808972861373	-4.52330177607113	6.08823376402416e-06	0.00274835689442291
AT1G27670	989.830466272001	-1.05835098363208	0.219120128624483	-4.83000347925967	1.36530664805983e-06	0.000836445365743513
AT1G30190	415.417138871623	-1.2991007287212	0.341687520821597	-3.80201397346171	0.000143524630280276	0.0230814516358862
AT1G44318	701.965102229385	-1.19843686080088	0.263953601976406	-4.54033152731141	5.61658428411683e-06	0.00258072018240375
AT1G47130	4750.84952918936	-1.11837043768096	0.282881333141452	-3.95349677287377	7.70173031656576e-05	0.0152626836381528
AT1G07493	45.9935227128795	-1.20490860141202	0.346699881338315	-3.47536490857996	0.000510158870407914	0.0472190571743383
AT1G49450	1614.94852870922	-1.23235809077325	0.330145624628263	-3.73277123439349	0.000189384586072298	0.0266287146679033
AT1G07657	396.968968348079	-1.1828995621551	0.209307020597347	-5.65150446831259	1.59049552182604e-08	3.72045820655508e-05
AT1G54950	22.017150619165	1.7111412188755	0.491625320748604	3.48057991860534	0.000500329533691951	0.0468105417580947
AT1G58050	24.9866687262353	-2.13783597986823	0.514940708694622	-4.15161579531681	3.30136154161273e-05	0.00900407872012555
AT1G64110	968.30366333451	-1.55222070159741	0.427456690342224	-3.631293500997	0.000282004251782802	0.0329829609210149
AT1G65390	41565.910028771	-1.05433526658525	0.247701315335591	-4.25647827165075	2.0767220915016e-05	0.00662200738404655
AT1G66100	882.965069105129	-1.57718219082874	0.434051073641104	-3.63363273726823	0.000279458573711849	0.0328344683113223
AT1G67110	64.1583794558541	-1.49652535550512	0.395070831863494	-3.78799251882559	0.000151869421348668	0.0235782852569066
AT1G08947	581.422805001952	1.1834682629421	0.317198544041306	3.73100156092768	0.000190720041819974	0.0266707467177704
AT1G69530	9050.31081337148	1.32255271263727	0.323129749998146	4.09294629369427	4.25926398865287e-05	0.010387238355519
AT1G70420	28009.4938812158	-1.13749148683982	0.299983801835752	-3.79184302578652	0.000149533424679247	0.0235675410075359
AT1G71390	61.2450307343233	1.46485267567946	0.41582644577445	3.52275015349558	0.000427093776307758	0.042595154876647
AT1G73120	1914.51246103631	-1.84302426351959	0.449542206136105	-4.09978026170382	4.13542599099775e-05	0.0102955894074454
AT1G77885	7048.93324849924	-1.04539746531075	0.241592257729191	-4.32711492966208	1.51075142417881e-05	0.00532508834185549
AT1G78390	94.4192464261978	-1.68621320093064	0.414501824183295	-4.06804772030385	4.74086737554851e-05	0.0110897507672944
AT5G07480	21.2758743053271	-2.92005921141235	0.771911205792447	-3.78289522097896	0.00015501468046329	0.0236951630370675
AT5G11140	2076.19110391522	-1.45061597770876	0.281184369847642	-5.1589495479239	2.48339213341211e-07	0.000255600651939308
AT5G16980	3019.52506558643	-1.24532281852864	0.348364942020194	-3.57476504755882	0.000350542544116781	0.0369664352568397
AT5G20240	14679.6355146378	-1.35398974239638	0.329226187268732	-4.1126429025258	3.9115519179756e-05	0.00996516261400299
AT5G24210	11499.0379507103	1.65059666477333	0.425260200978874	3.88138053119937	0.000103865172666449	0.0180578024181107
AT5G04205	47.1597727297929	-1.48535578988335	0.401482848868946	-3.69967432996922	0.000215876310119072	0.0287475136762241
AT5G36140	590.755393247722	2.42273651959389	0.603648782193041	4.01348696636503	5.98283075290078e-05	0.0128286848419075
AT5G45573	99.9030168996802	-1.83895636753671	0.515378773767409	-3.56816473851644	0.000359490463155535	0.0374495915281582
AT5G47175	363.710587883953	-1.26437634039983	0.35320960360849	-3.57967713075354	0.000344018995114302	0.0364277891493255
AT5G47280	81.8110775247218	-1.85360320889249	0.4649151034268	-3.98697137440778	6.69220962721752e-05	0.0138868746708011
AT5G48110	4631.87544810163	-1.54655256533895	0.316347663370631	-4.88877505482635	1.01465355472304e-06	0.00063909711016052
AT5G51470	818.308634749451	-1.03879788492537	0.21589843707875	-4.81151183390208	1.49792863483864e-06	0.000896353527977511
AT5G56400	108.559403731355	-1.24281978061036	0.292900058100867	-4.2431530695783	2.20400991499367e-05	0.00681225496495413
AT5G65165	395.090354453053	-1.08632663711405	0.189557443152245	-5.7308571958399	9.99243667251724e-09	2.85683764467268e-05
AT5G66650	8207.00146946438	-1.05170666453395	0.29139735331624	-3.60918399760682	0.000307161692777016	0.0346648136703745
AT5G66660	211.999209844348	-1.18388938549082	0.236383754190435	-5.00833650580342	5.49024841733394e-07	0.00041732716672712
AT3G02480	305.431738512647	-1.33421657922329	0.208506278208889	-6.39892760392865	1.56472005315849e-10	2.01309058439106e-06
AT3G07255	193.518038917375	-1.05488314314962	0.279053657570527	-3.7802161503044	0.000156692266996612	0.0237167571887637
AT3G10950	37.0231681745394	-1.53767162274655	0.420824719091835	-3.65394795739408	0.000258238632744366	0.0312298033631586
AT3G13280	602.220951321247	-1.2767465187318	0.246226200418714	-5.18525858158336	2.15715355361616e-07	0.000231273825367072
AT3G14540	612.287207758151	-1.57280076733254	0.276573886769503	-5.68672908966026	1.29495634688161e-08	3.33205217616107e-05
AT3G15670	95.1377989687605	-1.52035890280985	0.406845231095982	-3.73694659935973	0.000186268463263086	0.0265968593108176
AT3G19560	78.8788014055608	-1.07980161932151	0.275497347723595	-3.91946284871267	8.87465393569825e-05	0.0165774636985009
AT3G19610	71.2450500817075	-1.41341672455867	0.392139226593244	-3.60437474424045	0.000312905306787835	0.0347041657282663
AT3G20840	879.910650662856	-1.06516453089794	0.214502923929627	-4.96573431906873	6.84415995347876e-07	0.000489186332674895
AT3G24310	1236.55322964594	-1.36943789277555	0.300330011211687	-4.55977705075337	5.12079575790633e-06	0.00244005917864237
AT3G28740	4752.48308057325	-1.64463857218077	0.444473059897779	-3.70019855097406	0.000215430847827569	0.0287475136762241
AT3G46613	64.5796909217456	-2.0777468187615	0.406027179906446	-5.11726042389636	3.10005452116941e-07	0.000295435195867444
AT3G07675	103.283251112139	1.09711098818185	0.292678727733599	3.74851632258173	0.000177883762556659	0.025859475109296
AT3G51680	1435.03427011647	-1.15585257471424	0.195308446287244	-5.91808801250871	3.25705673838266e-09	1.5182634872174e-05
AT3G55240	2121.97801342657	1.27270568662736	0.350204568419116	3.63417785316901	0.00027886845208422	0.0328344683113223
AT3G58480	92.2317446080636	-1.01629222591517	0.272038587692452	-3.73583848723739	0.000187090728508724	0.0265968593108176
AT3G63350	475.118630959434	-1.69458423644403	0.29457112575956	-5.7527167066171	8.78205832123155e-09	2.82463928329511e-05
AT2G03360	83.3994616306027	1.03411156780502	0.268098080356317	3.85721362283022	0.000114686925152907	0.0195431077556918
AT2G05520	163890.068005737	1.04045385158222	0.248608895777758	4.18510306450307	2.85036744259621e-05	0.00833440962107308
AT2G16005	853.624231935773	-2.22400838297541	0.62122636417499	-3.58002897370424	0.000343556111817873	0.0364277891493255
AT2G21820	92.0678565177914	-1.54855961642479	0.360223470054745	-4.29888595595796	1.71658767165821e-05	0.0057363009583685
AT2G23800	1941.77931132458	-1.11794181221646	0.281242179534441	-3.97501475087083	7.03748941600265e-05	0.0141748114013113
AT2G27120	60.8950231151344	-1.99012186122973	0.467799106457753	-4.2542233060239	2.09775876556871e-05	0.00662200738404655
AT2G28340	41.3723137703827	-1.86950362539214	0.507534452938434	-3.68350092209192	0.000230052451357989	0.0297334993262587
AT2G28680	51.1861209883105	-2.3330749140911	0.66927550024054	-3.48597089427685	0.00049035435363876	0.0462172449577983
AT2G36950	27096.96937863	-1.15431215750492	0.211037178488876	-5.46970996186704	4.50772632148154e-08	8.47376105996009e-05
AT2G40100	2285.92838241011	1.18729935167972	0.327318539608703	3.62735136573411	0.000286343511088415	0.0333389361258643
AT2G41260	46.034602694132	-5.26243094747279	1.41662488345207	-3.71476670284736	0.000203391254254238	0.0278375551234883
AT2G41445	1552.97528726714	-1.00084315620446	0.255400784424285	-3.91871606213162	8.90219085240476e-05	0.0165774636985009
AT2G41450	4788.47008653033	-1.3828079510439	0.271119184503384	-5.10036924748365	3.38991495132798e-07	0.000311521077187929
AT2G41451	570.546776991228	-1.31754695666765	0.338659825526879	-3.89047314548706	0.000100048949361918	0.0178318355585471
AT2G42540	264.057310868183	-1.68000750681405	0.4775176380669	-3.51821037148514	0.000434467789337709	0.0429972718748023
AT2G43050	1011.21320074312	1.53532929399469	0.396556918557886	3.87164924414395	0.000108101436041459	0.0186681748374683
AT2G43610	19422.1429792533	-1.00106986051687	0.253229920039775	-3.95320529406491	7.71112227647532e-05	0.0152626836381528
AT2G47770	388.526937175399	-1.35154400037624	0.300934544503681	-4.49115605057999	7.08376241694016e-06	0.00308936086017436
AT2G47780	281.377919446243	-1.32182957467389	0.295262628663812	-4.47679267998027	7.57727662002431e-06	0.00324951507849742
AT4G01780	59.1961602990189	-1.41214706982417	0.40225165663322	-3.51060597647655	0.000447086557470106	0.0436991215836037
AT4G05200	1045.44593428073	1.01161832230239	0.274648774178432	3.68331635678506	0.000230219155011993	0.0297334993262587
AT4G08040	207.934574631269	1.79720913801575	0.478969394405669	3.75224212445938	0.000175260073351165	0.0256228235647661
AT4G17470	664.380092371021	-1.60827993280491	0.404644801839195	-3.97454736968063	7.05132275996984e-05	0.0141748114013113
AT4G21323	772.284250911753	-1.13928318780342	0.226866621549297	-5.02181934047034	5.11843160120842e-07	0.000411569886033418
AT4G23590	1378.15475838215	-1.20712131198688	0.322783017134771	-3.73972993592434	0.000184218069151831	0.0264810901527696
AT4G25410	916.270702801138	-1.34182129616234	0.274509966504685	-4.88806039812563	1.01834291386193e-06	0.00063909711016052
AT4G27670	894.72588023575	-1.48582233839197	0.400776312865074	-3.70736066652769	0.000209430575721277	0.0283624112836009
AT4G28420	324.96306867685	-1.15858780004088	0.217278947779069	-5.33225980649971	9.69980252714731e-08	0.000131360852013699
AT4G31870	514.741578225214	-1.77198436039599	0.453673629900861	-3.90585708228889	9.38919953419347e-05	0.0171342902988888
AT4G32490	180.437416619638	-1.42750145015889	0.350764890865943	-4.06968167947132	4.70774159404463e-05	0.0110897507672944
AT4G32500	514.314050616356	-1.10125122590357	0.317428760823803	-3.46928622045956	0.000521843186524995	0.0478053031812951
AT4G32510	307.975535599041	-1.07519442554475	0.308549050637075	-3.48467909178379	0.000492727598295779	0.0462714373421485
AT4G37800	6259.05027128143	1.15049133102613	0.293748252943936	3.91658952690252	8.98104730224327e-05	0.0165774636985009
